cam0:
  camera_model: pinhole
  intrinsics: [1405.76, 1404.8, 958.042, 607.615]
  distortion_model: radtan
  #                     k1         k2         p1            p2          k3
  distortion_coeffs: [-0.167373, 0.110745, 8.09217e-05, 7.34253e-05, -0.0286819]
  resolution: [1920, 1200]
  rostopic: /pg_17274483/image_raw/annotated
  tagtopic: /pg_17274483/tags
  rig_body: rig
