cam0:
  T_cam_body:
  - [ 0.99989960636,  0.01401960970, -0.00205614797,  0.0]
  - [-0.01399751964,  0.99984803946,  0.01039073826,  0.0]
  - [ 0.00220150961, -0.01036091413,  0.99994390083,  0.0]
  - [ 0.00000000000,  0.00000000000,  0.00000000000,  1.00000000000]
  camera_model: pinhole
  intrinsics: [1510.84, 1510.1, 624.735, 516.099]
  distortion_model: radtan
  distortion_coeffs: [-0.219926, 0.173017, -0.000190432, 5.62865e-05]
  resolution: [1280, 1024]
  tagtopic: /apriltag_detector_left/tags
cam1:
  T_cn_cnm1:
  - [ 0.99989960636,  0.01401960970, -0.00205614797, -0.25533415549]
  - [-0.01399751964,  0.99984803946,  0.01039073826,  0.00251386406]
  - [ 0.00220150961, -0.01036091413,  0.99994390083,  0.00095549112]
  - [ 0.00000000000,  0.00000000000,  0.00000000000,  1.00000000000]
  camera_model: pinhole
  intrinsics: [1509.44, 1507.94, 639.027, 518.199]
  distortion_model: radtan
  distortion_coeffs: [-0.225846, 0.179371, 7.85576e-06, -5.18789e-05]
  resolution: [1280, 1024]
  tagtopic: /apriltag_detector_right/tags
