cam0:
  camera_model: pinhole
  intrinsics: [601.868, 601.536, 677.135, 559.507]
  distortion_model: equidistant
  distortion_coeffs: [-0.00896302, -0.016849, 0.0134772, -0.00439917]
  resolution: [1280, 1024]
  rostopic: /fla/ovc_node/left/compressed
  tagtopic: /fla/ovc_node/left/tags
  rig_body: rig
cam1:
  camera_model: pinhole
  intrinsics: [602.381, 602.086, 643.613, 440.683]
  distortion_model: equidistant
  distortion_coeffs: [-0.00901475, -0.0160241, 0.0125409, -0.00415634]
  resolution: [1280, 1024]
  rostopic: /fla/ovc_node/right/compressed
  tagtopic: /fla/ovc_node/right/tags
  rig_body: rig
